{"scene":{"metadata":{"version":4.5,"type":"Object","generator":"Object3D.toJSON"},"geometries":[{"uuid":"EEE74086-12D3-48F4-BA2E-D8653ABF58F4","type":"SphereBufferGeometry","name":"g_sphere","radius":10,"widthSegments":64,"heightSegments":64},{"uuid":"B9B82FFA-80B9-415D-83E6-62BB2467731F","type":"BoxBufferGeometry","name":"g_grape","width":1,"height":1,"depth":1,"widthSegments":1,"heightSegments":1,"depthSegments":1}],"materials":[{"uuid":"FA8BF52E-2B09-4618-935C-43E7BCA20148","type":"MeshBasicMaterial","name":"m_wire","color":1315860,"side":2,"opacity":0.2,"transparent":true,"depthFunc":3,"depthTest":true,"depthWrite":true,"stencilWrite":false,"stencilFunc":519,"stencilRef":0,"stencilMask":255,"stencilFail":7680,"stencilZFail":7680,"stencilZPass":7680,"wireframe":true}],"object":{"uuid":"A126B8AE-D413-42C4-970F-333707BC1F66","type":"Scene","layers":1,"matrix":[1,0,0,0,0,1,0,0,0,0,1,0,0,0,0,1],"children":[{"uuid":"16DF9FC3-F9ED-4F1B-BA22-04C20867B0A3","type":"Object3D","name":"dummy_group","layers":1,"matrix":[1,0,0,0,0,1,0,0,0,0,1,0,0,-66,0,1]},{"uuid":"2EEC7340-01A6-4A11-B41B-FE9AE3CA1B88","type":"Object3D","name":"main_group","layers":1,"matrix":[1,0,0,0,0,1,0,0,0,0,1,0,0,0,0,1],"children":[{"uuid":"3A023EAF-2074-4992-A6E4-AA82AB4A06E5","type":"Mesh","name":"o_sphere","userData":{"autorotation":{"enabled":false,"speed":{"x":0,"y":0.1,"z":0.1}}},"layers":1,"matrix":[1,0,0,0,0,1,0,0,0,0,1,0,0,0,0,1],"geometry":"EEE74086-12D3-48F4-BA2E-D8653ABF58F4","material":"FA8BF52E-2B09-4618-935C-43E7BCA20148","children":[{"uuid":"9D14F174-E004-4B63-AFBC-66227F5D1A4B","type":"Object3D","name":"grape_group","userData":{"autorotation":{"enabled":true,"speed":{"x":0,"y":0.066,"z":0.1}}},"layers":1,"matrix":[1.1483178234375633,0.8400176468065217,-0.47511738489477623,0,-0.7762020535542193,1.2427269825080784,0.32115419817367974,0,0.5734775919195361,-2.0816681711721685e-17,1.3860459774358749,0,0,0,0,1],"children":[{"uuid":"9B26C75F-086F-4F54-84D6-25644F1CEE8B","type":"Object3D","name":"grape_g1","userData":{"autorotation":{"enabled":true,"speed":{"x":0,"y":0,"z":0.6}}},"layers":1,"matrix":[-0.9111181511255022,-0.4121452592104472,0,0,0.4121452592104472,-0.9111181511255022,0,0,0,0,1,0,0,0,0,1],"children":[{"uuid":"75EE8F2B-D341-4A63-BC3C-9C81C6AE1937","type":"Mesh","name":"grape_g1_1","userData":{"autorotation":{"enabled":true,"speed":{"x":0,"y":0,"z":1.2}}},"layers":1,"matrix":[0.5255791663891459,0.5925546441244461,-0.112452361399134,0,-0.5978192408804586,0.5315673741368839,0.006948524039709936,0,0.07986673331746252,0.0794677323180245,0.7920266311364967,0,0,0,0,1],"geometry":"B9B82FFA-80B9-415D-83E6-62BB2467731F","material":"FA8BF52E-2B09-4618-935C-43E7BCA20148","children":[{"uuid":"F75D8616-4643-4549-AACC-CC2D890CA981","type":"Mesh","name":"grape_g1_1_1","userData":{"autorotation":{"enabled":true,"speed":{"x":0,"y":0,"z":1.2}},"animations":{"hover":[{"object":"grape_g1_1_1","event":"change","arguments":{"scale":{"x":2,"y":2,"z":2}},"delay":0,"duration":600,"easing":"easeInOutCubic"}],"click":[{"object":"grape_g1_1_1","event":"change","arguments":{"scale":{"x":0.8,"y":0.8,"z":0.8}},"delay":0,"duration":600,"easing":"easeInOutCubic"}]}},"layers":1,"matrix":[0.6602725706207067,0.7510260531339269,0,0,-0.7510260531339269,0.6602725706207067,0,0,0,0,1,0,12,0,0,1],"geometry":"B9B82FFA-80B9-415D-83E6-62BB2467731F","material":"FA8BF52E-2B09-4618-935C-43E7BCA20148"}]},{"uuid":"8ACCBF64-3346-4D1E-91AD-F1730135232D","type":"Mesh","name":"grape_g1_2","userData":{"autorotation":{"enabled":true,"speed":{"x":0,"y":0,"z":0.8}}},"layers":1,"matrix":[0.042744457307504646,-0.9943060352177936,-0.09761362455599557,0,0.9978351537245519,0.037599112632213605,0.0539565818114002,0,-0.04997916927067836,-0.09970865087213879,0.9937606691655043,0,0,0,0,1],"geometry":"B9B82FFA-80B9-415D-83E6-62BB2467731F","material":"FA8BF52E-2B09-4618-935C-43E7BCA20148","children":[{"uuid":"499FB0D1-02A5-4225-8DCF-9FE7E9EC0B42","type":"Mesh","name":"grape_g1_2_1","userData":{"autorotation":{"enabled":true,"speed":{"x":0,"y":0,"z":0.8}},"animations":{"hover":[{"object":"grape_g1_2_1","event":"change","arguments":{"scale":{"x":2,"y":2,"z":2}},"delay":0,"duration":600,"easing":"easeInOutCubic"}],"click":[{"object":"grape_g1_2_1","event":"change","arguments":{"scale":{"x":0.9,"y":0.9,"z":0.9}},"delay":0,"duration":600,"easing":"easeInOutCubic"}]}},"layers":1,"matrix":[0.03851814923336381,-0.8991753734281408,0,0,0.8991753734281408,0.03851814923336381,0,0,0,0,0.9,0,16,0,0,1],"geometry":"B9B82FFA-80B9-415D-83E6-62BB2467731F","material":"FA8BF52E-2B09-4618-935C-43E7BCA20148"}]},{"uuid":"A1BD99E2-2046-4118-A14C-FF20C4DEAF37","type":"Mesh","name":"grape_g1_3","visible":false,"userData":{"autorotation":{"enabled":true,"speed":{"x":0.033,"y":0.066,"z":0.1}}},"layers":1,"matrix":[14.97515670628465,12.367704323779186,-4.773318696859809,0,-10.122413107651639,15.317623559086496,7.931403493717913,0,8.560457610447012,-3.522825323755349,17.72874127618901,0,0,0,0,1],"geometry":"B9B82FFA-80B9-415D-83E6-62BB2467731F","material":"FA8BF52E-2B09-4618-935C-43E7BCA20148","children":[{"uuid":"5AAEA067-F7B7-4489-94EF-6A5E7320E4D8","type":"Mesh","name":"grape_g1_3_1","userData":{"autorotation":{"enabled":true,"speed":{"x":0.066,"y":0.033,"z":0.1}},"animations":{"hover":[{"object":"grape_g1_3_1","event":"change","arguments":{"scale":{"x":2,"y":2,"z":2}},"delay":0,"duration":600,"easing":"easeInOutCubic"}],"click":[{"object":"grape_g1_3_1","event":"change","arguments":{"scale":{"x":1.2,"y":1.2,"z":1.2}},"delay":0,"duration":600,"easing":"easeInOutCubic"}]}},"layers":1,"matrix":[0.8125974672116353,0.5792005357789366,0.06490065973954436,0,-0.5492728667003256,0.7238173138611551,0.4175976700864463,0,0.19489657305361147,-0.3749869804516083,0.906311254649165,0,20,0,0,1],"geometry":"B9B82FFA-80B9-415D-83E6-62BB2467731F","material":"FA8BF52E-2B09-4618-935C-43E7BCA20148","children":[{"uuid":"8DCC911C-666A-4510-A419-DBCEF9CFFAF1","type":"Mesh","name":"grape_g1_3_1_1","userData":{"autorotation":{"enabled":true,"speed":{"x":0.066,"y":0,"z":0.033}}},"layers":1,"matrix":[1.176988559489522,0.2161084888775962,0.08941505391052404,0,-0.2338758876643337,1.087573505578998,0.4499843765419298,0,0,-0.4587820735356289,1.1088367819487,0,30,0,0,1],"geometry":"B9B82FFA-80B9-415D-83E6-62BB2467731F","material":"FA8BF52E-2B09-4618-935C-43E7BCA20148"}]}]}]},{"uuid":"568083D1-0632-41E3-89A6-835D62495EB8","type":"Object3D","name":"grape_g2","visible":false,"userData":{"autorotation":{"enabled":true,"speed":{"x":0,"y":0,"z":0.4}}},"layers":1,"matrix":[-0.7220796159678746,0.6918099653833318,0,0,-0.6918099653833318,-0.7220796159678746,0,0,0,0,1,0,0,0,0,1],"children":[{"uuid":"BE908425-62A0-47BD-BD3C-2954DA5C84C6","type":"Mesh","name":"grape_g2_1","userData":{"autorotation":{"enabled":false,"speed":{"x":0,"y":0,"z":0.6}}},"layers":1,"matrix":[18,0,0,0,0,18,0,0,0,0,18,0,-25,0,0,1],"geometry":"B9B82FFA-80B9-415D-83E6-62BB2467731F","material":"FA8BF52E-2B09-4618-935C-43E7BCA20148"}]}]}]}]},{"uuid":"CEBCBFC9-A131-477D-83AF-894B4CB95A52","type":"Light","layers":1,"matrix":[1,0,0,0,0,1,0,0,0,0,1,0,0,0,0,1],"color":16777215,"intensity":45},{"uuid":"12546AAC-F911-49B2-B6F0-D4FB02F37947","type":"Object3D","layers":1,"matrix":[1,0,0,0,0,1,0,0,0,0,1,0,0,0,0,1],"children":[{"uuid":"8ACDF9B1-1BDA-459B-88A7-882154F26C76","type":"PerspectiveCamera","name":"Default_View","userData":{"easing":"easeInOutCubic","parameters":{"minDistance":1,"maxDistance":1000,"enableDamping":true,"dampingFactor":0.05,"rotateSpeed":0.02,"zoomSpeed":0.2,"panSpeed":0.1,"maxPolarAngle":3.14,"minPolarAngle":0,"autoRotateSpeed":0.1,"screenSpacePanning":true,"enablePan":true,"enableZoom":true},"default_position":{"x":37,"y":0,"z":17.5},"default_fov":35,"default_target":{"x":0,"y":0,"z":0}},"layers":1,"matrix":[0.427561148889135,-3.0814879110195774e-33,-0.9039864290798856,0,-5.535320434226638e-17,1,-2.6180569621342205e-17,0,0.9039864290798856,6.123233995736766e-17,0.427561148889135,0,36.99999999999999,2.5062285290373443e-15,17.499999999999996,1],"fov":35,"zoom":1,"near":1,"far":1000,"focus":10,"aspect":0.9547169811320755,"filmGauge":35,"filmOffset":0}]}]}},"geometries":{"plane":{"metadata":{"version":4.5,"type":"BufferGeometry","generator":"BufferGeometry.toJSON"},"uuid":"3B260623-277B-46EF-9423-356EE2A68B0F","type":"PlaneBufferGeometry","name":"plane","width":5,"height":5,"widthSegments":10,"heightSegments":10},"g_grape":{"metadata":{"version":4.5,"type":"BufferGeometry","generator":"BufferGeometry.toJSON"},"uuid":"B9B82FFA-80B9-415D-83E6-62BB2467731F","type":"BoxBufferGeometry","name":"g_grape","width":1,"height":1,"depth":1,"widthSegments":1,"heightSegments":1,"depthSegments":1},"g_sphere":{"metadata":{"version":4.5,"type":"BufferGeometry","generator":"BufferGeometry.toJSON"},"uuid":"EEE74086-12D3-48F4-BA2E-D8653ABF58F4","type":"SphereBufferGeometry","name":"g_sphere","radius":10,"widthSegments":64,"heightSegments":64}},"face_materials":{},"materials":{"m_wire":{"metadata":{"version":4.5,"type":"Material","generator":"Material.toJSON"},"uuid":"FA8BF52E-2B09-4618-935C-43E7BCA20148","type":"MeshBasicMaterial","name":"m_wire","color":1315860,"side":2,"opacity":0.2,"transparent":true,"depthFunc":3,"depthTest":true,"depthWrite":true,"stencilWrite":false,"stencilFunc":519,"stencilRef":0,"stencilMask":255,"stencilFail":7680,"stencilZFail":7680,"stencilZPass":7680,"wireframe":true}},"textures":{},"objects":{"dummy_group":{"metadata":{"version":4.5,"type":"Object","generator":"Object3D.toJSON"},"object":{"uuid":"16DF9FC3-F9ED-4F1B-BA22-04C20867B0A3","type":"Object3D","name":"dummy_group","layers":1,"matrix":[1,0,0,0,0,1,0,0,0,0,1,0,0,-66,0,1]}},"main_group":{"metadata":{"version":4.5,"type":"Object","generator":"Object3D.toJSON"},"geometries":[{"uuid":"EEE74086-12D3-48F4-BA2E-D8653ABF58F4","type":"SphereBufferGeometry","name":"g_sphere","radius":10,"widthSegments":64,"heightSegments":64},{"uuid":"B9B82FFA-80B9-415D-83E6-62BB2467731F","type":"BoxBufferGeometry","name":"g_grape","width":1,"height":1,"depth":1,"widthSegments":1,"heightSegments":1,"depthSegments":1}],"materials":[{"uuid":"FA8BF52E-2B09-4618-935C-43E7BCA20148","type":"MeshBasicMaterial","name":"m_wire","color":1315860,"side":2,"opacity":0.2,"transparent":true,"depthFunc":3,"depthTest":true,"depthWrite":true,"stencilWrite":false,"stencilFunc":519,"stencilRef":0,"stencilMask":255,"stencilFail":7680,"stencilZFail":7680,"stencilZPass":7680,"wireframe":true}],"object":{"uuid":"2EEC7340-01A6-4A11-B41B-FE9AE3CA1B88","type":"Object3D","name":"main_group","layers":1,"matrix":[1,0,0,0,0,1,0,0,0,0,1,0,0,0,0,1],"children":[{"uuid":"3A023EAF-2074-4992-A6E4-AA82AB4A06E5","type":"Mesh","name":"o_sphere","userData":{"autorotation":{"enabled":false,"speed":{"x":0,"y":0.1,"z":0.1}}},"layers":1,"matrix":[1,0,0,0,0,1,0,0,0,0,1,0,0,0,0,1],"geometry":"EEE74086-12D3-48F4-BA2E-D8653ABF58F4","material":"FA8BF52E-2B09-4618-935C-43E7BCA20148","children":[{"uuid":"9D14F174-E004-4B63-AFBC-66227F5D1A4B","type":"Object3D","name":"grape_group","userData":{"autorotation":{"enabled":true,"speed":{"x":0,"y":0.066,"z":0.1}}},"layers":1,"matrix":[1.1483178234375633,0.8400176468065217,-0.47511738489477623,0,-0.7762020535542193,1.2427269825080784,0.32115419817367974,0,0.5734775919195361,-2.0816681711721685e-17,1.3860459774358749,0,0,0,0,1],"children":[{"uuid":"9B26C75F-086F-4F54-84D6-25644F1CEE8B","type":"Object3D","name":"grape_g1","userData":{"autorotation":{"enabled":true,"speed":{"x":0,"y":0,"z":0.6}}},"layers":1,"matrix":[-0.9111181511255022,-0.4121452592104472,0,0,0.4121452592104472,-0.9111181511255022,0,0,0,0,1,0,0,0,0,1],"children":[{"uuid":"75EE8F2B-D341-4A63-BC3C-9C81C6AE1937","type":"Mesh","name":"grape_g1_1","userData":{"autorotation":{"enabled":true,"speed":{"x":0,"y":0,"z":1.2}}},"layers":1,"matrix":[0.5255791663891459,0.5925546441244461,-0.112452361399134,0,-0.5978192408804586,0.5315673741368839,0.006948524039709936,0,0.07986673331746252,0.0794677323180245,0.7920266311364967,0,0,0,0,1],"geometry":"B9B82FFA-80B9-415D-83E6-62BB2467731F","material":"FA8BF52E-2B09-4618-935C-43E7BCA20148","children":[{"uuid":"F75D8616-4643-4549-AACC-CC2D890CA981","type":"Mesh","name":"grape_g1_1_1","userData":{"autorotation":{"enabled":true,"speed":{"x":0,"y":0,"z":1.2}},"animations":{"hover":[{"object":"grape_g1_1_1","event":"change","arguments":{"scale":{"x":2,"y":2,"z":2}},"delay":0,"duration":600,"easing":"easeInOutCubic"}],"click":[{"object":"grape_g1_1_1","event":"change","arguments":{"scale":{"x":0.8,"y":0.8,"z":0.8}},"delay":0,"duration":600,"easing":"easeInOutCubic"}]}},"layers":1,"matrix":[0.6602725706207067,0.7510260531339269,0,0,-0.7510260531339269,0.6602725706207067,0,0,0,0,1,0,12,0,0,1],"geometry":"B9B82FFA-80B9-415D-83E6-62BB2467731F","material":"FA8BF52E-2B09-4618-935C-43E7BCA20148"}]},{"uuid":"8ACCBF64-3346-4D1E-91AD-F1730135232D","type":"Mesh","name":"grape_g1_2","userData":{"autorotation":{"enabled":true,"speed":{"x":0,"y":0,"z":0.8}}},"layers":1,"matrix":[0.042744457307504646,-0.9943060352177936,-0.09761362455599557,0,0.9978351537245519,0.037599112632213605,0.0539565818114002,0,-0.04997916927067836,-0.09970865087213879,0.9937606691655043,0,0,0,0,1],"geometry":"B9B82FFA-80B9-415D-83E6-62BB2467731F","material":"FA8BF52E-2B09-4618-935C-43E7BCA20148","children":[{"uuid":"499FB0D1-02A5-4225-8DCF-9FE7E9EC0B42","type":"Mesh","name":"grape_g1_2_1","userData":{"autorotation":{"enabled":true,"speed":{"x":0,"y":0,"z":0.8}},"animations":{"hover":[{"object":"grape_g1_2_1","event":"change","arguments":{"scale":{"x":2,"y":2,"z":2}},"delay":0,"duration":600,"easing":"easeInOutCubic"}],"click":[{"object":"grape_g1_2_1","event":"change","arguments":{"scale":{"x":0.9,"y":0.9,"z":0.9}},"delay":0,"duration":600,"easing":"easeInOutCubic"}]}},"layers":1,"matrix":[0.03851814923336381,-0.8991753734281408,0,0,0.8991753734281408,0.03851814923336381,0,0,0,0,0.9,0,16,0,0,1],"geometry":"B9B82FFA-80B9-415D-83E6-62BB2467731F","material":"FA8BF52E-2B09-4618-935C-43E7BCA20148"}]},{"uuid":"A1BD99E2-2046-4118-A14C-FF20C4DEAF37","type":"Mesh","name":"grape_g1_3","visible":false,"userData":{"autorotation":{"enabled":true,"speed":{"x":0.033,"y":0.066,"z":0.1}}},"layers":1,"matrix":[14.97515670628465,12.367704323779186,-4.773318696859809,0,-10.122413107651639,15.317623559086496,7.931403493717913,0,8.560457610447012,-3.522825323755349,17.72874127618901,0,0,0,0,1],"geometry":"B9B82FFA-80B9-415D-83E6-62BB2467731F","material":"FA8BF52E-2B09-4618-935C-43E7BCA20148","children":[{"uuid":"5AAEA067-F7B7-4489-94EF-6A5E7320E4D8","type":"Mesh","name":"grape_g1_3_1","userData":{"autorotation":{"enabled":true,"speed":{"x":0.066,"y":0.033,"z":0.1}},"animations":{"hover":[{"object":"grape_g1_3_1","event":"change","arguments":{"scale":{"x":2,"y":2,"z":2}},"delay":0,"duration":600,"easing":"easeInOutCubic"}],"click":[{"object":"grape_g1_3_1","event":"change","arguments":{"scale":{"x":1.2,"y":1.2,"z":1.2}},"delay":0,"duration":600,"easing":"easeInOutCubic"}]}},"layers":1,"matrix":[0.8125974672116353,0.5792005357789366,0.06490065973954436,0,-0.5492728667003256,0.7238173138611551,0.4175976700864463,0,0.19489657305361147,-0.3749869804516083,0.906311254649165,0,20,0,0,1],"geometry":"B9B82FFA-80B9-415D-83E6-62BB2467731F","material":"FA8BF52E-2B09-4618-935C-43E7BCA20148","children":[{"uuid":"8DCC911C-666A-4510-A419-DBCEF9CFFAF1","type":"Mesh","name":"grape_g1_3_1_1","userData":{"autorotation":{"enabled":true,"speed":{"x":0.066,"y":0,"z":0.033}}},"layers":1,"matrix":[1.176988559489522,0.2161084888775962,0.08941505391052404,0,-0.2338758876643337,1.087573505578998,0.4499843765419298,0,0,-0.4587820735356289,1.1088367819487,0,30,0,0,1],"geometry":"B9B82FFA-80B9-415D-83E6-62BB2467731F","material":"FA8BF52E-2B09-4618-935C-43E7BCA20148"}]}]}]},{"uuid":"568083D1-0632-41E3-89A6-835D62495EB8","type":"Object3D","name":"grape_g2","visible":false,"userData":{"autorotation":{"enabled":true,"speed":{"x":0,"y":0,"z":0.4}}},"layers":1,"matrix":[-0.7220796159678746,0.6918099653833318,0,0,-0.6918099653833318,-0.7220796159678746,0,0,0,0,1,0,0,0,0,1],"children":[{"uuid":"BE908425-62A0-47BD-BD3C-2954DA5C84C6","type":"Mesh","name":"grape_g2_1","userData":{"autorotation":{"enabled":false,"speed":{"x":0,"y":0,"z":0.6}}},"layers":1,"matrix":[18,0,0,0,0,18,0,0,0,0,18,0,-25,0,0,1],"geometry":"B9B82FFA-80B9-415D-83E6-62BB2467731F","material":"FA8BF52E-2B09-4618-935C-43E7BCA20148"}]}]}]}]}},"o_sphere":{"metadata":{"version":4.5,"type":"Object","generator":"Object3D.toJSON"},"geometries":[{"uuid":"EEE74086-12D3-48F4-BA2E-D8653ABF58F4","type":"SphereBufferGeometry","name":"g_sphere","radius":10,"widthSegments":64,"heightSegments":64},{"uuid":"B9B82FFA-80B9-415D-83E6-62BB2467731F","type":"BoxBufferGeometry","name":"g_grape","width":1,"height":1,"depth":1,"widthSegments":1,"heightSegments":1,"depthSegments":1}],"materials":[{"uuid":"FA8BF52E-2B09-4618-935C-43E7BCA20148","type":"MeshBasicMaterial","name":"m_wire","color":1315860,"side":2,"opacity":0.2,"transparent":true,"depthFunc":3,"depthTest":true,"depthWrite":true,"stencilWrite":false,"stencilFunc":519,"stencilRef":0,"stencilMask":255,"stencilFail":7680,"stencilZFail":7680,"stencilZPass":7680,"wireframe":true}],"object":{"uuid":"3A023EAF-2074-4992-A6E4-AA82AB4A06E5","type":"Mesh","name":"o_sphere","userData":{"autorotation":{"enabled":false,"speed":{"x":0,"y":0.1,"z":0.1}}},"layers":1,"matrix":[1,0,0,0,0,1,0,0,0,0,1,0,0,0,0,1],"geometry":"EEE74086-12D3-48F4-BA2E-D8653ABF58F4","material":"FA8BF52E-2B09-4618-935C-43E7BCA20148","children":[{"uuid":"9D14F174-E004-4B63-AFBC-66227F5D1A4B","type":"Object3D","name":"grape_group","userData":{"autorotation":{"enabled":true,"speed":{"x":0,"y":0.066,"z":0.1}}},"layers":1,"matrix":[1.1483178234375633,0.8400176468065217,-0.47511738489477623,0,-0.7762020535542193,1.2427269825080784,0.32115419817367974,0,0.5734775919195361,-2.0816681711721685e-17,1.3860459774358749,0,0,0,0,1],"children":[{"uuid":"9B26C75F-086F-4F54-84D6-25644F1CEE8B","type":"Object3D","name":"grape_g1","userData":{"autorotation":{"enabled":true,"speed":{"x":0,"y":0,"z":0.6}}},"layers":1,"matrix":[-0.9111181511255022,-0.4121452592104472,0,0,0.4121452592104472,-0.9111181511255022,0,0,0,0,1,0,0,0,0,1],"children":[{"uuid":"75EE8F2B-D341-4A63-BC3C-9C81C6AE1937","type":"Mesh","name":"grape_g1_1","userData":{"autorotation":{"enabled":true,"speed":{"x":0,"y":0,"z":1.2}}},"layers":1,"matrix":[0.5255791663891459,0.5925546441244461,-0.112452361399134,0,-0.5978192408804586,0.5315673741368839,0.006948524039709936,0,0.07986673331746252,0.0794677323180245,0.7920266311364967,0,0,0,0,1],"geometry":"B9B82FFA-80B9-415D-83E6-62BB2467731F","material":"FA8BF52E-2B09-4618-935C-43E7BCA20148","children":[{"uuid":"F75D8616-4643-4549-AACC-CC2D890CA981","type":"Mesh","name":"grape_g1_1_1","userData":{"autorotation":{"enabled":true,"speed":{"x":0,"y":0,"z":1.2}},"animations":{"hover":[{"object":"grape_g1_1_1","event":"change","arguments":{"scale":{"x":2,"y":2,"z":2}},"delay":0,"duration":600,"easing":"easeInOutCubic"}],"click":[{"object":"grape_g1_1_1","event":"change","arguments":{"scale":{"x":0.8,"y":0.8,"z":0.8}},"delay":0,"duration":600,"easing":"easeInOutCubic"}]}},"layers":1,"matrix":[0.6602725706207067,0.7510260531339269,0,0,-0.7510260531339269,0.6602725706207067,0,0,0,0,1,0,12,0,0,1],"geometry":"B9B82FFA-80B9-415D-83E6-62BB2467731F","material":"FA8BF52E-2B09-4618-935C-43E7BCA20148"}]},{"uuid":"8ACCBF64-3346-4D1E-91AD-F1730135232D","type":"Mesh","name":"grape_g1_2","userData":{"autorotation":{"enabled":true,"speed":{"x":0,"y":0,"z":0.8}}},"layers":1,"matrix":[0.042744457307504646,-0.9943060352177936,-0.09761362455599557,0,0.9978351537245519,0.037599112632213605,0.0539565818114002,0,-0.04997916927067836,-0.09970865087213879,0.9937606691655043,0,0,0,0,1],"geometry":"B9B82FFA-80B9-415D-83E6-62BB2467731F","material":"FA8BF52E-2B09-4618-935C-43E7BCA20148","children":[{"uuid":"499FB0D1-02A5-4225-8DCF-9FE7E9EC0B42","type":"Mesh","name":"grape_g1_2_1","userData":{"autorotation":{"enabled":true,"speed":{"x":0,"y":0,"z":0.8}},"animations":{"hover":[{"object":"grape_g1_2_1","event":"change","arguments":{"scale":{"x":2,"y":2,"z":2}},"delay":0,"duration":600,"easing":"easeInOutCubic"}],"click":[{"object":"grape_g1_2_1","event":"change","arguments":{"scale":{"x":0.9,"y":0.9,"z":0.9}},"delay":0,"duration":600,"easing":"easeInOutCubic"}]}},"layers":1,"matrix":[0.03851814923336381,-0.8991753734281408,0,0,0.8991753734281408,0.03851814923336381,0,0,0,0,0.9,0,16,0,0,1],"geometry":"B9B82FFA-80B9-415D-83E6-62BB2467731F","material":"FA8BF52E-2B09-4618-935C-43E7BCA20148"}]},{"uuid":"A1BD99E2-2046-4118-A14C-FF20C4DEAF37","type":"Mesh","name":"grape_g1_3","visible":false,"userData":{"autorotation":{"enabled":true,"speed":{"x":0.033,"y":0.066,"z":0.1}}},"layers":1,"matrix":[14.97515670628465,12.367704323779186,-4.773318696859809,0,-10.122413107651639,15.317623559086496,7.931403493717913,0,8.560457610447012,-3.522825323755349,17.72874127618901,0,0,0,0,1],"geometry":"B9B82FFA-80B9-415D-83E6-62BB2467731F","material":"FA8BF52E-2B09-4618-935C-43E7BCA20148","children":[{"uuid":"5AAEA067-F7B7-4489-94EF-6A5E7320E4D8","type":"Mesh","name":"grape_g1_3_1","userData":{"autorotation":{"enabled":true,"speed":{"x":0.066,"y":0.033,"z":0.1}},"animations":{"hover":[{"object":"grape_g1_3_1","event":"change","arguments":{"scale":{"x":2,"y":2,"z":2}},"delay":0,"duration":600,"easing":"easeInOutCubic"}],"click":[{"object":"grape_g1_3_1","event":"change","arguments":{"scale":{"x":1.2,"y":1.2,"z":1.2}},"delay":0,"duration":600,"easing":"easeInOutCubic"}]}},"layers":1,"matrix":[0.8125974672116353,0.5792005357789366,0.06490065973954436,0,-0.5492728667003256,0.7238173138611551,0.4175976700864463,0,0.19489657305361147,-0.3749869804516083,0.906311254649165,0,20,0,0,1],"geometry":"B9B82FFA-80B9-415D-83E6-62BB2467731F","material":"FA8BF52E-2B09-4618-935C-43E7BCA20148","children":[{"uuid":"8DCC911C-666A-4510-A419-DBCEF9CFFAF1","type":"Mesh","name":"grape_g1_3_1_1","userData":{"autorotation":{"enabled":true,"speed":{"x":0.066,"y":0,"z":0.033}}},"layers":1,"matrix":[1.176988559489522,0.2161084888775962,0.08941505391052404,0,-0.2338758876643337,1.087573505578998,0.4499843765419298,0,0,-0.4587820735356289,1.1088367819487,0,30,0,0,1],"geometry":"B9B82FFA-80B9-415D-83E6-62BB2467731F","material":"FA8BF52E-2B09-4618-935C-43E7BCA20148"}]}]}]},{"uuid":"568083D1-0632-41E3-89A6-835D62495EB8","type":"Object3D","name":"grape_g2","visible":false,"userData":{"autorotation":{"enabled":true,"speed":{"x":0,"y":0,"z":0.4}}},"layers":1,"matrix":[-0.7220796159678746,0.6918099653833318,0,0,-0.6918099653833318,-0.7220796159678746,0,0,0,0,1,0,0,0,0,1],"children":[{"uuid":"BE908425-62A0-47BD-BD3C-2954DA5C84C6","type":"Mesh","name":"grape_g2_1","userData":{"autorotation":{"enabled":false,"speed":{"x":0,"y":0,"z":0.6}}},"layers":1,"matrix":[18,0,0,0,0,18,0,0,0,0,18,0,-25,0,0,1],"geometry":"B9B82FFA-80B9-415D-83E6-62BB2467731F","material":"FA8BF52E-2B09-4618-935C-43E7BCA20148"}]}]}]}},"grape_group":{"metadata":{"version":4.5,"type":"Object","generator":"Object3D.toJSON"},"geometries":[{"uuid":"B9B82FFA-80B9-415D-83E6-62BB2467731F","type":"BoxBufferGeometry","name":"g_grape","width":1,"height":1,"depth":1,"widthSegments":1,"heightSegments":1,"depthSegments":1}],"materials":[{"uuid":"FA8BF52E-2B09-4618-935C-43E7BCA20148","type":"MeshBasicMaterial","name":"m_wire","color":1315860,"side":2,"opacity":0.2,"transparent":true,"depthFunc":3,"depthTest":true,"depthWrite":true,"stencilWrite":false,"stencilFunc":519,"stencilRef":0,"stencilMask":255,"stencilFail":7680,"stencilZFail":7680,"stencilZPass":7680,"wireframe":true}],"object":{"uuid":"9D14F174-E004-4B63-AFBC-66227F5D1A4B","type":"Object3D","name":"grape_group","userData":{"autorotation":{"enabled":true,"speed":{"x":0,"y":0.066,"z":0.1}}},"layers":1,"matrix":[1.1483178234375633,0.8400176468065217,-0.47511738489477623,0,-0.7762020535542193,1.2427269825080784,0.32115419817367974,0,0.5734775919195361,-2.0816681711721685e-17,1.3860459774358749,0,0,0,0,1],"children":[{"uuid":"9B26C75F-086F-4F54-84D6-25644F1CEE8B","type":"Object3D","name":"grape_g1","userData":{"autorotation":{"enabled":true,"speed":{"x":0,"y":0,"z":0.6}}},"layers":1,"matrix":[-0.9111181511255022,-0.4121452592104472,0,0,0.4121452592104472,-0.9111181511255022,0,0,0,0,1,0,0,0,0,1],"children":[{"uuid":"75EE8F2B-D341-4A63-BC3C-9C81C6AE1937","type":"Mesh","name":"grape_g1_1","userData":{"autorotation":{"enabled":true,"speed":{"x":0,"y":0,"z":1.2}}},"layers":1,"matrix":[0.5255791663891459,0.5925546441244461,-0.112452361399134,0,-0.5978192408804586,0.5315673741368839,0.006948524039709936,0,0.07986673331746252,0.0794677323180245,0.7920266311364967,0,0,0,0,1],"geometry":"B9B82FFA-80B9-415D-83E6-62BB2467731F","material":"FA8BF52E-2B09-4618-935C-43E7BCA20148","children":[{"uuid":"F75D8616-4643-4549-AACC-CC2D890CA981","type":"Mesh","name":"grape_g1_1_1","userData":{"autorotation":{"enabled":true,"speed":{"x":0,"y":0,"z":1.2}},"animations":{"hover":[{"object":"grape_g1_1_1","event":"change","arguments":{"scale":{"x":2,"y":2,"z":2}},"delay":0,"duration":600,"easing":"easeInOutCubic"}],"click":[{"object":"grape_g1_1_1","event":"change","arguments":{"scale":{"x":0.8,"y":0.8,"z":0.8}},"delay":0,"duration":600,"easing":"easeInOutCubic"}]}},"layers":1,"matrix":[0.6602725706207067,0.7510260531339269,0,0,-0.7510260531339269,0.6602725706207067,0,0,0,0,1,0,12,0,0,1],"geometry":"B9B82FFA-80B9-415D-83E6-62BB2467731F","material":"FA8BF52E-2B09-4618-935C-43E7BCA20148"}]},{"uuid":"8ACCBF64-3346-4D1E-91AD-F1730135232D","type":"Mesh","name":"grape_g1_2","userData":{"autorotation":{"enabled":true,"speed":{"x":0,"y":0,"z":0.8}}},"layers":1,"matrix":[0.042744457307504646,-0.9943060352177936,-0.09761362455599557,0,0.9978351537245519,0.037599112632213605,0.0539565818114002,0,-0.04997916927067836,-0.09970865087213879,0.9937606691655043,0,0,0,0,1],"geometry":"B9B82FFA-80B9-415D-83E6-62BB2467731F","material":"FA8BF52E-2B09-4618-935C-43E7BCA20148","children":[{"uuid":"499FB0D1-02A5-4225-8DCF-9FE7E9EC0B42","type":"Mesh","name":"grape_g1_2_1","userData":{"autorotation":{"enabled":true,"speed":{"x":0,"y":0,"z":0.8}},"animations":{"hover":[{"object":"grape_g1_2_1","event":"change","arguments":{"scale":{"x":2,"y":2,"z":2}},"delay":0,"duration":600,"easing":"easeInOutCubic"}],"click":[{"object":"grape_g1_2_1","event":"change","arguments":{"scale":{"x":0.9,"y":0.9,"z":0.9}},"delay":0,"duration":600,"easing":"easeInOutCubic"}]}},"layers":1,"matrix":[0.03851814923336381,-0.8991753734281408,0,0,0.8991753734281408,0.03851814923336381,0,0,0,0,0.9,0,16,0,0,1],"geometry":"B9B82FFA-80B9-415D-83E6-62BB2467731F","material":"FA8BF52E-2B09-4618-935C-43E7BCA20148"}]},{"uuid":"A1BD99E2-2046-4118-A14C-FF20C4DEAF37","type":"Mesh","name":"grape_g1_3","visible":false,"userData":{"autorotation":{"enabled":true,"speed":{"x":0.033,"y":0.066,"z":0.1}}},"layers":1,"matrix":[14.97515670628465,12.367704323779186,-4.773318696859809,0,-10.122413107651639,15.317623559086496,7.931403493717913,0,8.560457610447012,-3.522825323755349,17.72874127618901,0,0,0,0,1],"geometry":"B9B82FFA-80B9-415D-83E6-62BB2467731F","material":"FA8BF52E-2B09-4618-935C-43E7BCA20148","children":[{"uuid":"5AAEA067-F7B7-4489-94EF-6A5E7320E4D8","type":"Mesh","name":"grape_g1_3_1","userData":{"autorotation":{"enabled":true,"speed":{"x":0.066,"y":0.033,"z":0.1}},"animations":{"hover":[{"object":"grape_g1_3_1","event":"change","arguments":{"scale":{"x":2,"y":2,"z":2}},"delay":0,"duration":600,"easing":"easeInOutCubic"}],"click":[{"object":"grape_g1_3_1","event":"change","arguments":{"scale":{"x":1.2,"y":1.2,"z":1.2}},"delay":0,"duration":600,"easing":"easeInOutCubic"}]}},"layers":1,"matrix":[0.8125974672116353,0.5792005357789366,0.06490065973954436,0,-0.5492728667003256,0.7238173138611551,0.4175976700864463,0,0.19489657305361147,-0.3749869804516083,0.906311254649165,0,20,0,0,1],"geometry":"B9B82FFA-80B9-415D-83E6-62BB2467731F","material":"FA8BF52E-2B09-4618-935C-43E7BCA20148","children":[{"uuid":"8DCC911C-666A-4510-A419-DBCEF9CFFAF1","type":"Mesh","name":"grape_g1_3_1_1","userData":{"autorotation":{"enabled":true,"speed":{"x":0.066,"y":0,"z":0.033}}},"layers":1,"matrix":[1.176988559489522,0.2161084888775962,0.08941505391052404,0,-0.2338758876643337,1.087573505578998,0.4499843765419298,0,0,-0.4587820735356289,1.1088367819487,0,30,0,0,1],"geometry":"B9B82FFA-80B9-415D-83E6-62BB2467731F","material":"FA8BF52E-2B09-4618-935C-43E7BCA20148"}]}]}]},{"uuid":"568083D1-0632-41E3-89A6-835D62495EB8","type":"Object3D","name":"grape_g2","visible":false,"userData":{"autorotation":{"enabled":true,"speed":{"x":0,"y":0,"z":0.4}}},"layers":1,"matrix":[-0.7220796159678746,0.6918099653833318,0,0,-0.6918099653833318,-0.7220796159678746,0,0,0,0,1,0,0,0,0,1],"children":[{"uuid":"BE908425-62A0-47BD-BD3C-2954DA5C84C6","type":"Mesh","name":"grape_g2_1","userData":{"autorotation":{"enabled":false,"speed":{"x":0,"y":0,"z":0.6}}},"layers":1,"matrix":[18,0,0,0,0,18,0,0,0,0,18,0,-25,0,0,1],"geometry":"B9B82FFA-80B9-415D-83E6-62BB2467731F","material":"FA8BF52E-2B09-4618-935C-43E7BCA20148"}]}]}},"grape_g1":{"metadata":{"version":4.5,"type":"Object","generator":"Object3D.toJSON"},"geometries":[{"uuid":"B9B82FFA-80B9-415D-83E6-62BB2467731F","type":"BoxBufferGeometry","name":"g_grape","width":1,"height":1,"depth":1,"widthSegments":1,"heightSegments":1,"depthSegments":1}],"materials":[{"uuid":"FA8BF52E-2B09-4618-935C-43E7BCA20148","type":"MeshBasicMaterial","name":"m_wire","color":1315860,"side":2,"opacity":0.2,"transparent":true,"depthFunc":3,"depthTest":true,"depthWrite":true,"stencilWrite":false,"stencilFunc":519,"stencilRef":0,"stencilMask":255,"stencilFail":7680,"stencilZFail":7680,"stencilZPass":7680,"wireframe":true}],"object":{"uuid":"9B26C75F-086F-4F54-84D6-25644F1CEE8B","type":"Object3D","name":"grape_g1","userData":{"autorotation":{"enabled":true,"speed":{"x":0,"y":0,"z":0.6}}},"layers":1,"matrix":[-0.9111181511255022,-0.4121452592104472,0,0,0.4121452592104472,-0.9111181511255022,0,0,0,0,1,0,0,0,0,1],"children":[{"uuid":"75EE8F2B-D341-4A63-BC3C-9C81C6AE1937","type":"Mesh","name":"grape_g1_1","userData":{"autorotation":{"enabled":true,"speed":{"x":0,"y":0,"z":1.2}}},"layers":1,"matrix":[0.5255791663891459,0.5925546441244461,-0.112452361399134,0,-0.5978192408804586,0.5315673741368839,0.006948524039709936,0,0.07986673331746252,0.0794677323180245,0.7920266311364967,0,0,0,0,1],"geometry":"B9B82FFA-80B9-415D-83E6-62BB2467731F","material":"FA8BF52E-2B09-4618-935C-43E7BCA20148","children":[{"uuid":"F75D8616-4643-4549-AACC-CC2D890CA981","type":"Mesh","name":"grape_g1_1_1","userData":{"autorotation":{"enabled":true,"speed":{"x":0,"y":0,"z":1.2}},"animations":{"hover":[{"object":"grape_g1_1_1","event":"change","arguments":{"scale":{"x":2,"y":2,"z":2}},"delay":0,"duration":600,"easing":"easeInOutCubic"}],"click":[{"object":"grape_g1_1_1","event":"change","arguments":{"scale":{"x":0.8,"y":0.8,"z":0.8}},"delay":0,"duration":600,"easing":"easeInOutCubic"}]}},"layers":1,"matrix":[0.6602725706207067,0.7510260531339269,0,0,-0.7510260531339269,0.6602725706207067,0,0,0,0,1,0,12,0,0,1],"geometry":"B9B82FFA-80B9-415D-83E6-62BB2467731F","material":"FA8BF52E-2B09-4618-935C-43E7BCA20148"}]},{"uuid":"8ACCBF64-3346-4D1E-91AD-F1730135232D","type":"Mesh","name":"grape_g1_2","userData":{"autorotation":{"enabled":true,"speed":{"x":0,"y":0,"z":0.8}}},"layers":1,"matrix":[0.042744457307504646,-0.9943060352177936,-0.09761362455599557,0,0.9978351537245519,0.037599112632213605,0.0539565818114002,0,-0.04997916927067836,-0.09970865087213879,0.9937606691655043,0,0,0,0,1],"geometry":"B9B82FFA-80B9-415D-83E6-62BB2467731F","material":"FA8BF52E-2B09-4618-935C-43E7BCA20148","children":[{"uuid":"499FB0D1-02A5-4225-8DCF-9FE7E9EC0B42","type":"Mesh","name":"grape_g1_2_1","userData":{"autorotation":{"enabled":true,"speed":{"x":0,"y":0,"z":0.8}},"animations":{"hover":[{"object":"grape_g1_2_1","event":"change","arguments":{"scale":{"x":2,"y":2,"z":2}},"delay":0,"duration":600,"easing":"easeInOutCubic"}],"click":[{"object":"grape_g1_2_1","event":"change","arguments":{"scale":{"x":0.9,"y":0.9,"z":0.9}},"delay":0,"duration":600,"easing":"easeInOutCubic"}]}},"layers":1,"matrix":[0.03851814923336381,-0.8991753734281408,0,0,0.8991753734281408,0.03851814923336381,0,0,0,0,0.9,0,16,0,0,1],"geometry":"B9B82FFA-80B9-415D-83E6-62BB2467731F","material":"FA8BF52E-2B09-4618-935C-43E7BCA20148"}]},{"uuid":"A1BD99E2-2046-4118-A14C-FF20C4DEAF37","type":"Mesh","name":"grape_g1_3","visible":false,"userData":{"autorotation":{"enabled":true,"speed":{"x":0.033,"y":0.066,"z":0.1}}},"layers":1,"matrix":[14.97515670628465,12.367704323779186,-4.773318696859809,0,-10.122413107651639,15.317623559086496,7.931403493717913,0,8.560457610447012,-3.522825323755349,17.72874127618901,0,0,0,0,1],"geometry":"B9B82FFA-80B9-415D-83E6-62BB2467731F","material":"FA8BF52E-2B09-4618-935C-43E7BCA20148","children":[{"uuid":"5AAEA067-F7B7-4489-94EF-6A5E7320E4D8","type":"Mesh","name":"grape_g1_3_1","userData":{"autorotation":{"enabled":true,"speed":{"x":0.066,"y":0.033,"z":0.1}},"animations":{"hover":[{"object":"grape_g1_3_1","event":"change","arguments":{"scale":{"x":2,"y":2,"z":2}},"delay":0,"duration":600,"easing":"easeInOutCubic"}],"click":[{"object":"grape_g1_3_1","event":"change","arguments":{"scale":{"x":1.2,"y":1.2,"z":1.2}},"delay":0,"duration":600,"easing":"easeInOutCubic"}]}},"layers":1,"matrix":[0.8125974672116353,0.5792005357789366,0.06490065973954436,0,-0.5492728667003256,0.7238173138611551,0.4175976700864463,0,0.19489657305361147,-0.3749869804516083,0.906311254649165,0,20,0,0,1],"geometry":"B9B82FFA-80B9-415D-83E6-62BB2467731F","material":"FA8BF52E-2B09-4618-935C-43E7BCA20148","children":[{"uuid":"8DCC911C-666A-4510-A419-DBCEF9CFFAF1","type":"Mesh","name":"grape_g1_3_1_1","userData":{"autorotation":{"enabled":true,"speed":{"x":0.066,"y":0,"z":0.033}}},"layers":1,"matrix":[1.176988559489522,0.2161084888775962,0.08941505391052404,0,-0.2338758876643337,1.087573505578998,0.4499843765419298,0,0,-0.4587820735356289,1.1088367819487,0,30,0,0,1],"geometry":"B9B82FFA-80B9-415D-83E6-62BB2467731F","material":"FA8BF52E-2B09-4618-935C-43E7BCA20148"}]}]}]}},"grape_g1_1":{"metadata":{"version":4.5,"type":"Object","generator":"Object3D.toJSON"},"geometries":[{"uuid":"B9B82FFA-80B9-415D-83E6-62BB2467731F","type":"BoxBufferGeometry","name":"g_grape","width":1,"height":1,"depth":1,"widthSegments":1,"heightSegments":1,"depthSegments":1}],"materials":[{"uuid":"FA8BF52E-2B09-4618-935C-43E7BCA20148","type":"MeshBasicMaterial","name":"m_wire","color":1315860,"side":2,"opacity":0.2,"transparent":true,"depthFunc":3,"depthTest":true,"depthWrite":true,"stencilWrite":false,"stencilFunc":519,"stencilRef":0,"stencilMask":255,"stencilFail":7680,"stencilZFail":7680,"stencilZPass":7680,"wireframe":true}],"object":{"uuid":"75EE8F2B-D341-4A63-BC3C-9C81C6AE1937","type":"Mesh","name":"grape_g1_1","userData":{"autorotation":{"enabled":true,"speed":{"x":0,"y":0,"z":1.2}}},"layers":1,"matrix":[0.5255791663891459,0.5925546441244461,-0.112452361399134,0,-0.5978192408804586,0.5315673741368839,0.006948524039709936,0,0.07986673331746252,0.0794677323180245,0.7920266311364967,0,0,0,0,1],"geometry":"B9B82FFA-80B9-415D-83E6-62BB2467731F","material":"FA8BF52E-2B09-4618-935C-43E7BCA20148","children":[{"uuid":"F75D8616-4643-4549-AACC-CC2D890CA981","type":"Mesh","name":"grape_g1_1_1","userData":{"autorotation":{"enabled":true,"speed":{"x":0,"y":0,"z":1.2}},"animations":{"hover":[{"object":"grape_g1_1_1","event":"change","arguments":{"scale":{"x":2,"y":2,"z":2}},"delay":0,"duration":600,"easing":"easeInOutCubic"}],"click":[{"object":"grape_g1_1_1","event":"change","arguments":{"scale":{"x":0.8,"y":0.8,"z":0.8}},"delay":0,"duration":600,"easing":"easeInOutCubic"}]}},"layers":1,"matrix":[0.6602725706207067,0.7510260531339269,0,0,-0.7510260531339269,0.6602725706207067,0,0,0,0,1,0,12,0,0,1],"geometry":"B9B82FFA-80B9-415D-83E6-62BB2467731F","material":"FA8BF52E-2B09-4618-935C-43E7BCA20148"}]}},"grape_g1_1_1":{"metadata":{"version":4.5,"type":"Object","generator":"Object3D.toJSON"},"geometries":[{"uuid":"B9B82FFA-80B9-415D-83E6-62BB2467731F","type":"BoxBufferGeometry","name":"g_grape","width":1,"height":1,"depth":1,"widthSegments":1,"heightSegments":1,"depthSegments":1}],"materials":[{"uuid":"FA8BF52E-2B09-4618-935C-43E7BCA20148","type":"MeshBasicMaterial","name":"m_wire","color":1315860,"side":2,"opacity":0.2,"transparent":true,"depthFunc":3,"depthTest":true,"depthWrite":true,"stencilWrite":false,"stencilFunc":519,"stencilRef":0,"stencilMask":255,"stencilFail":7680,"stencilZFail":7680,"stencilZPass":7680,"wireframe":true}],"object":{"uuid":"F75D8616-4643-4549-AACC-CC2D890CA981","type":"Mesh","name":"grape_g1_1_1","userData":{"autorotation":{"enabled":true,"speed":{"x":0,"y":0,"z":1.2}},"animations":{"hover":[{"object":"grape_g1_1_1","event":"change","arguments":{"scale":{"x":2,"y":2,"z":2}},"delay":0,"duration":600,"easing":"easeInOutCubic"}],"click":[{"object":"grape_g1_1_1","event":"change","arguments":{"scale":{"x":0.8,"y":0.8,"z":0.8}},"delay":0,"duration":600,"easing":"easeInOutCubic"}]}},"layers":1,"matrix":[0.6602725706207067,0.7510260531339269,0,0,-0.7510260531339269,0.6602725706207067,0,0,0,0,1,0,12,0,0,1],"geometry":"B9B82FFA-80B9-415D-83E6-62BB2467731F","material":"FA8BF52E-2B09-4618-935C-43E7BCA20148"}},"grape_g1_2":{"metadata":{"version":4.5,"type":"Object","generator":"Object3D.toJSON"},"geometries":[{"uuid":"B9B82FFA-80B9-415D-83E6-62BB2467731F","type":"BoxBufferGeometry","name":"g_grape","width":1,"height":1,"depth":1,"widthSegments":1,"heightSegments":1,"depthSegments":1}],"materials":[{"uuid":"FA8BF52E-2B09-4618-935C-43E7BCA20148","type":"MeshBasicMaterial","name":"m_wire","color":1315860,"side":2,"opacity":0.2,"transparent":true,"depthFunc":3,"depthTest":true,"depthWrite":true,"stencilWrite":false,"stencilFunc":519,"stencilRef":0,"stencilMask":255,"stencilFail":7680,"stencilZFail":7680,"stencilZPass":7680,"wireframe":true}],"object":{"uuid":"8ACCBF64-3346-4D1E-91AD-F1730135232D","type":"Mesh","name":"grape_g1_2","userData":{"autorotation":{"enabled":true,"speed":{"x":0,"y":0,"z":0.8}}},"layers":1,"matrix":[0.042744457307504646,-0.9943060352177936,-0.09761362455599557,0,0.9978351537245519,0.037599112632213605,0.0539565818114002,0,-0.04997916927067836,-0.09970865087213879,0.9937606691655043,0,0,0,0,1],"geometry":"B9B82FFA-80B9-415D-83E6-62BB2467731F","material":"FA8BF52E-2B09-4618-935C-43E7BCA20148","children":[{"uuid":"499FB0D1-02A5-4225-8DCF-9FE7E9EC0B42","type":"Mesh","name":"grape_g1_2_1","userData":{"autorotation":{"enabled":true,"speed":{"x":0,"y":0,"z":0.8}},"animations":{"hover":[{"object":"grape_g1_2_1","event":"change","arguments":{"scale":{"x":2,"y":2,"z":2}},"delay":0,"duration":600,"easing":"easeInOutCubic"}],"click":[{"object":"grape_g1_2_1","event":"change","arguments":{"scale":{"x":0.9,"y":0.9,"z":0.9}},"delay":0,"duration":600,"easing":"easeInOutCubic"}]}},"layers":1,"matrix":[0.03851814923336381,-0.8991753734281408,0,0,0.8991753734281408,0.03851814923336381,0,0,0,0,0.9,0,16,0,0,1],"geometry":"B9B82FFA-80B9-415D-83E6-62BB2467731F","material":"FA8BF52E-2B09-4618-935C-43E7BCA20148"}]}},"grape_g1_2_1":{"metadata":{"version":4.5,"type":"Object","generator":"Object3D.toJSON"},"geometries":[{"uuid":"B9B82FFA-80B9-415D-83E6-62BB2467731F","type":"BoxBufferGeometry","name":"g_grape","width":1,"height":1,"depth":1,"widthSegments":1,"heightSegments":1,"depthSegments":1}],"materials":[{"uuid":"FA8BF52E-2B09-4618-935C-43E7BCA20148","type":"MeshBasicMaterial","name":"m_wire","color":1315860,"side":2,"opacity":0.2,"transparent":true,"depthFunc":3,"depthTest":true,"depthWrite":true,"stencilWrite":false,"stencilFunc":519,"stencilRef":0,"stencilMask":255,"stencilFail":7680,"stencilZFail":7680,"stencilZPass":7680,"wireframe":true}],"object":{"uuid":"499FB0D1-02A5-4225-8DCF-9FE7E9EC0B42","type":"Mesh","name":"grape_g1_2_1","userData":{"autorotation":{"enabled":true,"speed":{"x":0,"y":0,"z":0.8}},"animations":{"hover":[{"object":"grape_g1_2_1","event":"change","arguments":{"scal